"Grade","Study_Time","Income","Major"
95,7.561,17831270,"CIS"
90,6.847,15301650,"CIS"
90,6.563,10495583,"CIS"
78,6.263,12825314,"CIS"
88,6.033,10162532,"CIS"
77,5.976,173615345,"CIS"
55,5.933,67513677,"CIS"
97,5.867,37578876,"CIS"
67,5.863,21471618,"CIS"
78,5.751,1849285,"CIS"
88,5.687,14538640,"CIS"
93,5.605,16934839,"CIS"
85,5.389,16362567,"CIS"
77,5.214,49253126,"CIS"
67.52236585,5.2,1180069,"Nursing"
50.17336585,5.188,25833752,"CIS"
58.77,4.969,4447632,"CIS"
63.35073171,4.934,14133280,"CIS"
54.27170732,4.927,1704255,"CIS"
55.24121951,4.92,11296173,"CIS"
56.09165854,4.915,11745189,"CIS"
60.93141463,4.9,30551674,"Education"
50.75741463,4.866,20316086,"CIS"
59.28756098,4.845,10323474,"CIS"
53.11456098,4.845,757014,"CIS"
60.53187805,4.792,4294077,"CIS"
55.04180488,4.78,22253959,"CIS"
60.8574878,4.714,734917,"CIS"
45.55095122,4.705,6092075,"CIS"
62.75463415,4.696,6333135,"CIS"
61.5117561,4.67,3889880,"CIS"
56.4885122,4.639,6816982,"CIS"
63.61734146,4.519,94100756,"CIS"
63.99397561,4.508,11776522,"CIS"
64.69139024,4.468,22924851,"CIS"
62.0444878,4.42,37964306,"CIS"
61.68397561,4.382,44353691,"CIS"
50.13680488,4.365,4616417,"CIS"
73.26487805,4.147,190372,"Nursing"
63.441,4.087,1671711,"CIS"
66.26097561,4.075,192993,"CIS"
63.08958537,4.075,24407381,"Biology"
67.71690244,4.031,561231,"Nursing"
69.47168293,4.026,33417476,"Biology"
73.20334146,4.01,4169506,"Biology"
61.09863415,3.857,25904598,"CIS"
67.37460976,3.815,8207834,"English"
71.99282927,3.783,15468203,"Business"
62.43073171,3.781,7321262,"Nursing"
72.64231707,3.767,105323,"Nursing"
59.7734878,3.486,14149648,"CIS"
61.78695122,3.387,872932,"Biology"
71.68682927,3.382,252763,"Nursing"
48.93792683,3.334,1249514,"CIS"
68.96097561,3.294,103549,"Nursing"
73.90141463,3.244,6460000,"Biology"
67.21736585,3.221,10671200,"Business"
70.20243902,3.2,5719600,"English"
66.58536585,3.185,182142594,"Education"
63.05885366,3.148,10317461,"Business"
64.34387805,3.051,2303315,"CIS"
68.7144878,3.043,98393574,"Nursing"
49.33146341,3.038,2074465,"CIS"
82.05609756,3.03,8059500,"Biology"
68.24941463,3.02,6769727,"Nursing"
73.80304878,3.001,8097688,"Business"
74.71578049,2.964,22845550,"Biology"
68.84907317,2.952,102351,"Nursing"
72.2734878,2.864,6802295,"Business"
71.74756098,2.861,15135169,"Nursing"
76.85202439,2.853,3632444,"Biology"
71.00965854,2.795,39208194,"Biology"
71.13292683,2.77,82056378,"Biology"
70.87212195,2.735,33008150,"Biology"
73.90487805,2.676,331900,"Business"
75.70336585,2.644,28828870,"Biology"
70.45,2.64,17035275,"English"
47.40560976,2.619,2021144,"CIS"
74.4627561,2.6,3368572,"Biology"
69.923,2.588,881065,"Nursing"
76.46507317,2.559,15737878,"Business"
66.20790244,2.546,799613,"Business"
74.78817073,2.498,6080478,"Business"
73.45095122,2.484,10403761,"Business"
66.4562439,2.479,1252139596,"Education"
77.57895122,2.466,3864170,"Business"
67.54819512,2.436,2839073,"Nursing"
74.81460976,2.417,30375603,"Business"
78.87512195,2.405,165124,"Nursing"
74.22682927,2.4,89900,"CIS"
74.64309756,2.39,30405207,"Business"
56.73658537,2.387,53157490,"CIS"
75.36168293,2.356,6201521,"Biology"
74.24029268,2.339,20483000,"Education"
70.81743902,2.338,249865631,"Nursing"
65.46258537,2.326,5240072,"English"
68.40385366,2.3,27797457,"Education"
74.87068293,2.292,498897,"CIS"
73.97882927,2.286,48321405,"Business"
77.12195122,2.28,262000,"Nursing"
71.03163415,2.268,539276,"Business"
73.46892683,2.26,2714734,"Business"
77.93536585,2.256,345023,"Education"
73.64634146,2.25,10886500,"Biology"
68.30231707,2.232,753947,"Education"
68.22758537,2.2,30243200,"English"
77.35402439,2.185,122332399,"Business"
72.33892683,2.184,6340454,"Business"
70.69339024,2.177,156594962,"Education"
76.18729268,2.175,41446246,"Business"
72.74134146,2.17,105897,"Business"
70.79756098,2.16,1818117,"English"
75.82929268,2.089,89985,"Business"
76.66987805,2.075,1332171,"Biology"
76.33904878,2.058,276831,"Nursing"
77.05141463,2.046,3407062,"Business"
75.17595122,2.041,74932641,"English"
83.11707317,2.04,323764,"English"
78.60690244,2.019,2168673,"Biology"
81.96829268,2.01,65920302,"English"
81.04390244,2.01,4598294,"English"
70.69314634,2,9416801,"English"
72.50097561,1.997,109373,"Business"
78.56643902,1.994,417784,"Nursing"
69.80695122,1.988,24895480,"Nursing"
75.01626829,1.964,29716965,"Nursing"
81.40731707,1.95,4442100,"Nursing"
65.09968293,1.938,53259018,"Nursing"
82.19756098,1.921,23125868,"Nursing"
80.95609756,1.92,64106779,"English"
74.0687561,1.92,77447168,"Biology"
74.79195122,1.912,182273,"Business"
81.70487805,1.91,9600379,"English"
75.07256098,1.888,377374,"Business"
78.84146341,1.8695,316497531,"Music"
81.45121951,1.85,5079623,"English"
75.29641463,1.849,284644,"Business"
79.83680488,1.82,17619708,"Business"
74.0795122,1.817,4487200,"English"
79.17073171,1.81,31264,"Business"
77.13129268,1.801,9346129,"Biology"
73.88595122,1.801,200361925,"Business"
80.83170732,1.8,5438972,"English"
69.92521951,1.797,1341151,"Business"
79.921,1.795,4872166,"Business"
80.38536585,1.79,11182817,"English"
77.5372439,1.771,2897366,"English"
79.62439024,1.77,104737,"Business"
75.7564878,1.743,89708900,"Nursing"
74.5407561,1.74,2976566,"English"
80.30243902,1.73,5614932,"English"
81.10487805,1.72,16804432,"English"
71.07317073,1.7,143506911,"English"
75.33217073,1.673,102911,"Business"
75.35302439,1.668,1357380000,"Nursing"
74.75836585,1.666,621207,"English"
78.71119512,1.636,3595839,"Business"
80.57243902,1.63,65001,"Music"
72.47073171,1.62,9466000,"English"
81.40112195,1.61,35158304,"Music"
74.16341463,1.6,2957689,"English"
80.27804878,1.58,2059953,"English"
81.79756098,1.57,543360,"English"
76.42439024,1.56,1317997,"English"
54,1.53,19983693,"English"
33,1.52,8089346,"English"
44,1.51,4255700,"English"
55,1.51,36925,"English"
66,1.506,45489600,"English"
88,1.5,7265115,"English"
55,1.495,4467390,"Biology"
22,1.461,1141166,"English"
11,1.459,162018,"English"
33,1.456,3558566,"English"
66,1.45,10514272,"English"
77,1.45,7164132,"English"
55,1.449,11265629,"Business"
33,1.44,8479375,"English"
66,1.44,2012647,"English"
44,1.44,1258653,"CIS"
75.18802439,1.431,2107158,"English"
43,1.43,60233948,"English"
65,1.43,127338621,"Nursing"
88,1.43,423374,"Biology"
77,1.399,67010502,"Nursing"
55,1.38,80645605,"English"
78,1.34,9893082,"English"
33,1.34,5413393,"English"
44,1.32,46620045,"English"
55,1.3,38040196,"English"
23,1.29,11027549,"English"
77,1.283,3829307,"English"
55,1.28,10457295,"English"
60,1.19,5399200,"Nursing"
34,1.187,50219669,"Nursing"
40,1.124,7187500,"Nursing"
50,1.083,566375,"Nursing"
